motif chr start end ref treat1_depth treat1_T treat1_C treat1_conversion treat1_gap treat1_gap_rate ctrl1_depth ctrl1_T ctrl1_C ctrl1_conversion ctrl1_gap ctrl1_gap_rate conversion1 treat1_fp treat1_level treat1_p treat1_fdr treat2_depth treat2_T treat2_C treat2_conversion treat2_gap treat2_gap_rate ctrl2_depth ctrl2_T ctrl2_C ctrl2_conversion ctrl2_gap ctrl2_gap_rate conversion2 treat2_fp treat2_level treat2_p treat2_fdr
AATAA NR_029422.2RNU12 27 28 T 6886 967 5875 0.858667 27 0.003921 13988 13939 2 0.000143462 7 0.000500429 0.866438356164384 0.00628930817610063 0.990965105195943 0 0 7812 1066 6673 0.862256 33 0.00422427 11241 11206 4 0.000356824 3 0.00026688 0.888888888888889 0.000849617672047579 0.970009334325502 0 0
AATAA NR_003286.4_RNA18SN5 862 863 T 636 247 386 0.609795 2 0.00314465 3523 3511 7 0.00198977 1 0.000283849 0.866438356164384 0.00628930817610063 0.701629203956429 0 0 827 253 570 0.692588 3 0.00362757 3020 3014 4 0.00132538 1 0.000331126 0.888888888888889 0.000849617672047579 0.778950216221962 0 0
AATAC NR_003287.4_RNA28SN5 4311 4312 T 748 161 584 0.783893 2 0.0026738 1623 1622 1 0.000616143 0 0 0.882793017456359 0.00662251655629139 0.887122406706501 0 0 1436 323 1109 0.774441 4 0.00278552 2779 2776 2 0.000719942 1 0.000359842 0.856198347107438 0.00662251655629139 0.903766863218791 0 0
AATAC NR_003925.1_RNU4_1 78 79 T 91474 13535 77567 0.85143 342 0.00373877 160447 160380 29 0.000180788 9 5.60933e-05 0.882793017456359 0.00662251655629139 0.964204435752926 0 0 115012 17416 97140 0.84797 409 0.00355615 127915 127839 26 0.000203339 19 0.000148536 0.856198347107438 0.00662251655629139 0.990314758481182 0 0
AATAT NR_002716.3_RNU2_1 57 58 T 180240 37071 142915 0.794034 173 0.000959831 758891 758138 78 0.000102873 381 0.000502048 0.862348178137652 0.00680272108843537 0.920151316829771 0 0 202765 44049 158419 0.78244 206 0.00101595 512451 511934 50 9.76593e-05 283 0.000552248 0.904109589041096 0.00680272108843537 0.864405819918995 0 0
AATCA NR_003286.4_RNA18SN5 415 416 T 580 457 115 0.201049 8 0.0137931 1047 1047 0 0 0 0 0.883996937212864 0.00286532951289398 0.224919488479624 1.98636066583743e-170 3.52951460810989e-169 1018 841 167 0.165675 5 0.00491159 1566 1566 0 0 0 0 0.899188876013905 0.00298576022048691 0.18153166052707 2.08147084239272e-228 3.68329840371233e-227
AATCA NR_003286.4_RNA18SN5 104 105 T 616 73 540 0.880914 3 0.00487013 1871 1869 0 0 1 0.000534474 0.883996937212864 0.00286532951289398 0.996501161476988 0 0 1359 200 1152 0.852071 7 0.00515085 3215 3205 2 0.000623636 3 0.000933126 0.899188876013905 0.00298576022048691 0.947425003123102 0 0
AATGA NR_003287.4_RNA28SN5 1743 1744 T 517 73 443 0.858527 0 0 1333 1327 0 0 6 0.00450113 0.863523573200993 0.00585365853658537 0.994174246857023 0 0 1002 161 839 0.839 2 0.00199601 2020 2016 2 0.00099108 1 0.00049505 0.847750865051903 0.00471698113207547 0.989619794389267 0 0
AATGG NR_003286.4_RNA18SN5 865 866 T 1642 514 1121 0.685627 0 0 8483 8478 1 0.000117938 2 0.000235766 0.898611949305975 0.00139470013947001 0.762616078208669 0 0 1830 520 1301 0.714443 2 0.0010929 6833 6826 3 0.000439303 3 0.000439046 0.897595034910784 0.000790513833992095 0.795772623123182 0 0
AATGG NR_003286.4_RNA18SN5 92 93 T 472 157 310 0.663812 2 0.00423729 1431 1425 0 0 2 0.00139762 0.898611949305975 0.00139470013947001 0.738302011553947 0 0 1019 268 737 0.733333 2 0.00196271 2570 2563 0 0 1 0.000389105 0.897595034910784 0.000790513833992095 0.816836299271156 0 0
AATGG NR_003287.4_RNA28SN5 3817 3818 T 1002 130 856 0.868154 4 0.00399202 1763 1758 2 0.00113636 0 0 0.898611949305975 0.00139470013947001 0.96605287143747 0 0 1604 210 1367 0.866836 2 0.00124688 2633 2632 0 0 0 0 0.897595034910784 0.000790513833992095 0.965701516676286 0 0
AATTA NR_003286.4_RNA18SN5 813 814 T 431 106 323 0.752914 0 0 5869 5848 2 0.00034188 1 0.000170387 0.901234567901235 0.00671140939597315 0.834190354390515 0 0 793 152 636 0.807107 1 0.00126103 4111 4097 0 0 0 0 0.881051175656985 0.00671140939597315 0.915428557054889 0 0
AATTC NR_003286.4_RNA18SN5 629 630 T 829 579 246 0.298182 0 0 1354 1353 0 0 0 0 0.901154891304348 0.00309323906319046 0.328584079055598 0 0 1729 1351 373 0.216357 1 0.000578369 2281 2281 0 0 0 0 0.894315789473684 0.00285442435775452 0.239497283894609 0 0
AATTG NR_004394.1_RNU6_1 30 31 T 171965 29229 141926 0.829225 85 0.000494287 440398 439448 233 0.00052993 7 1.58947e-05 0.883255086071987 0.0118110236220472 0.937999364043988 0 0 177376 30224 146296 0.828779 96 0.000541223 330822 330150 190 0.000575165 4 1.20911e-05 0.893951946975973 0.0118110236220472 0.926119574264638 0 0
ACTAA NR_002756.2_RNU5A_1 45 46 T 221440 47130 172365 0.78528 274 0.00123736 652463 649269 77 0.000118581 297 0.000455198 0.88935427574171 0.00550584996558844 0.882248728733866 0 0 286382 62521 221346 0.779752 275 0.000960256 457510 455269 54 0.000118597 234 0.000511464 0.876902417188899 0.00627037873087534 0.888413918972058 0 0
ACTAT NR_003287.4_RNA28SN5 3850 3851 T 1705 414 1279 0.755464 10 0.0058651 2595 2591 0 0 3 0.00115607 0.885129659643436 0.0100143061516452 0.851830208296474 0 0 2086 494 1564 0.759961 23 0.0110259 3165 3160 1 0.000316356 2 0.000631912 0.863647086577023 0.0100143061516452 0.878535490957418 0 0
ACTAT NR_003287.4_RNA28SN5 1535 1536 T 584 280 300 0.517241 3 0.00513699 908 907 1 0.00110132 0 0 0.885129659643436 0.0100143061516452 0.579611238477846 0 0 846 386 457 0.542112 1 0.00118203 1449 1446 1 0.000691085 2 0.00138026 0.863647086577023 0.0100143061516452 0.623333248265376 0 0
ACTAT NR_003287.4_RNA28SN5 3761 3762 T 473 78 395 0.835095 0 0 1618 1607 3 0.00186335 6 0.00370828 0.885129659643436 0.0100143061516452 0.942825069353665 0 0 828 151 670 0.816078 6 0.00724638 2260 2250 3 0.00133156 7 0.00309735 0.863647086577023 0.0100143061516452 0.94427453154585 0 0
ACTCT NR_003287.4_RNA28SN5 3767 3768 T 507 86 420 0.83004 0 0 1588 1586 0 0 2 0.00125945 0.884749001215911 0.0214067278287462 0.936631156723891 0 0 877 140 736 0.840183 0 0 2243 2237 0 0 6 0.00267499 0.885670585986043 0.0187420584498094 0.947530177469974 0 0
ACTGA NR_003287.4_RNA28SN5 4688 4689 T 1385 413 955 0.698099 11 0.00794224 2387 2376 1 0.000420698 6 0.00251362 0.854096140825999 0.017798286090969 0.813467008264149 0 0 2044 626 1391 0.689638 19 0.0092955 3124 3120 0 0 3 0.000960307 0.849853617733166 0.0116345062429058 0.808861888810528 0 0
ACTGT NR_003287.4_RNA28SN5 3636 3637 T 488 84 403 0.827515 0 0 1774 1763 0 0 6 0.00338219 0.880677290836653 0.0130460565329116 0.938727089649654 0 0 795 133 661 0.832494 1 0.00125786 2164 2163 0 0 1 0.000462107 0.889678899082569 0.0142256708697058 0.934679663927557 0 0
ACTTA NR_004430.2_RNU1_1 4 5 T 231187 51369 179172 0.777181 0 0 1051038 1049822 800 0.000761454 8 7.61152e-06 0.87019524100061 0.0138760407030527 0.891379008005089 0 0 245789 55660 189458 0.772926 0 0 901142 900084 735 0.000815924 4 4.43881e-06 0.868852459016393 0.0138760407030527 0.887802216573841 0 0
ACTTT NR_003287.4_RNA28SN5 1859 1860 T 424 76 347 0.820331 1 0.00235849 1183 1181 2 0.00169062 0 0 0.902634999409193 0.00385790065905803 0.908426683853374 0 0 693 143 549 0.793353 0 0 1697 1696 1 0.000589275 0 0 0.892381946256196 0.00547861817075027 0.888343021025787 0 0
AGTAA NR_029422.2RNU12 18 19 T 4848 766 4022 0.840017 51 0.0105198 12140 12074 3 0.000248406 54 0.00444811 0.879688929551693 0.00480769230769231 0.954654497247346 0 0 5410 821 4494 0.845532 88 0.0162662 9779 9722 0 0 46 0.00470396 0.900508762012436 0.00491266375545852 0.938614335056358 0 0
AGTAA NR_003287.4_RNA28SN5 3757 3758 T 425 51 373 0.879717 1 0.00235294 1562 1562 0 0 0 0 0.879688929551693 0.00480769230769231 1.00003208486719 0 0 741 101 639 0.863514 1 0.00134953 2225 2220 0 0 2 0.000898876 0.900508762012436 0.00491266375545852 0.958692582421433 0 0
AGTAT NR_002716.3_RNU2_1 36 37 T 76350 22302 53732 0.706684 175 0.00229208 702434 701224 114 0.000162546 873 0.00124282 0.885359514871499 0.00415430267062315 0.797237337685233 0 0 87777 26996 60437 0.691238 183 0.00208483 470663 469886 75 0.000159588 546 0.00116007 0.886696155154815 0.00575490859851049 0.778125776356957 0 0
AGTCG NR_003287.4_RNA28SN5 2851 2852 T 501 447 50 0.100604 2 0.00399202 1171 1169 0 0 2 0.00170794 0.863659401926001 0.00631879331430901 0.109974035685034 1.12954584097382e-42 1.53650661525769e-41 822 739 70 0.0865266 8 0.00973236 1672 1671 1 0.000598086 0 0 0.871944121071013 0.00557966522008679 0.0934328898574315 4.32164772610236e-58 5.89108821610795e-57
AGTGA NR_003286.4_RNA18SN5 513 514 T 519 479 28 0.0552268 2 0.00385356 1151 1151 0 0 0 0 0.88748495788207 0.00481283422459893 0.0571151670299771 1.16391024349949e-20 1.35614623863486e-19 1083 999 63 0.059322 3 0.00277008 1754 1754 0 0 0 0 0.891131939437635 0.00470588235294118 0.0616138449569974 7.88727459479584e-47 1.01678033124766e-45
AGTTA NR_003286.4_RNA18SN5 108 109 T 618 155 459 0.747557 2 0.00323625 1911 1910 0 0 0 0 0.893586005830904 0.00501770956316411 0.835658095788168 0 0 1366 293 1068 0.784717 0 0 3215 3213 1 0.000311139 0 0 0.896139705882353 0.00462504129501156 0.875018650496425 0 0
AGTTG NR_003286.4_RNA18SN5 680 681 T 447 189 254 0.573363 2 0.00447427 1275 1275 0 0 0 0 0.901023890784983 0.00694225307668034 0.633522402244119 0 0 873 333 533 0.615473 4 0.0045819 2041 2036 3 0.00147131 0 0 0.880530973451327 0.00339097999321804 0.697815656077497 0 0
AGTTG NR_001566.1_TERC 305 306 T 150 117 28 0.193103 4 0.0266667 137 137 0 0 0 0 0.901023890784983 0.00694225307668034 0.208214484082778 1.10458376402449e-31 1.44051910143193e-30 192 149 40 0.21164 3 0.015625 134 134 0 0 0 0 0.880530973451327 0.00339097999321804 0.237418224639107 1.63416873840305e-58 2.23833977678379e-57
ATTAA NR_003286.4_RNA18SN5 917 918 T 231 100 128 0.561404 2 0.00865801 423 421 1 0.00236967 0 0 0.897714907508161 0.00909090909090909 0.6215374465385 8.32285736018527e-196 1.49758756170929e-194 415 200 209 0.511002 1 0.00240964 563 562 1 0.0017762 0 0 0.894230769230769 0.00909090909090909 0.567041564289947 1.71269614029908e-306 3.14804600239488e-305
ATTAG NR_003286.4_RNA18SN5 814 815 T 433 89 343 0.793981 0 0 5871 5865 1 0.000170474 1 0.000170329 0.89095928226363 0.00650994575045208 0.890351794885218 0 0 796 159 632 0.798989 2 0.00251256 4119 4112 1 0.000243132 0 0 0.892271662763466 0.00751547303271441 0.89456681530326 0 0
ATTCA NR_003287.4_RNA28SN5 3729 3730 T 868 388 470 0.547786 0 0 1822 1820 1 0.000549149 0 0 0.882583170254403 0.00645161290322581 0.617868837795775 0 0 1688 704 971 0.579701 1 0.000592417 3258 3257 0 0 0 0 0.89120452137054 0.00645161290322581 0.647920319459399 0 0
ATTCC NR_003286.4_RNA18SN5 1642 1643 T 204 40 161 0.800995 0 0 567 530 0 0 0 0 0.880397765971938 0.0693568726355612 0.902097703550682 3.82785694853083e-146 6.51652533213962e-145 467 63 398 0.863341 0 0 1096 1044 2 0.00191205 0 0 0.873711736655899 0.0693568726355612 0.987106764539144 0 0
ATTCC NR_003286.4_RNA18SN5 1624 1625 T 3388 714 2671 0.789069 1 0.000295159 4780 4778 2 0.00041841 0 0 0.880397765971938 0.0693568726355612 0.887393142907703 0 0 3584 796 2788 0.777902 0 0 4347 4344 3 0.000690131 0 0 0.873711736655899 0.0693568726355612 0.880886234494783 0 0
ATTCG NR_003287.4_RNA28SN5 4972 4973 T 804 735 56 0.0707965 13 0.0161692 1531 1530 0 0 0 0 0.868140391700601 0.0046737060758179 0.0765782803494466 4.09960576518704e-46 5.60345153385901e-45 1155 1050 74 0.0658363 31 0.0268398 1645 1645 0 0 0 0 0.874315693430657 0.00336900515259612 0.0717234426494086 4.86728964238316e-68 7.0034889854291e-67
ATTCG NR_004394.1_RNU6_1 85 86 T 272359 50337 220326 0.814023 1062 0.00389927 337532 337418 68 0.00020149 2 5.92536e-06 0.868140391700601 0.0046737060758179 0.937325443353448 0 0 301640 55401 244423 0.815222 1166 0.00386554 253926 253853 46 0.000181174 4 1.57526e-05 0.874315693430657 0.00336900515259612 0.932150045202548 0 0
ATTCT NR_003287.4_RNA28SN5 1781 1782 T 665 123 517 0.807813 25 0.037594 1728 1726 1 0.000579039 0 0 0.895862205503861 0.0170357751277683 0.899810471714898 0 0 1344 224 1070 0.826893 49 0.0364583 2568 2566 1 0.00038956 0 0 0.898080741230973 0.0170357751277683 0.919200785465206 0 0
ATTCT NR_003286.4_RNA18SN5 965 966 T 252 38 214 0.849206 0 0 550 550 0 0 0 0 0.895862205503861 0.0170357751277683 0.946910784779317 0 0 547 82 465 0.850091 0 0 948 948 0 0 0 0 0.898080741230973 0.0170357751277683 0.94553088312481 0 0
ATTTC NR_002756.2_RNU5A_1 52 53 T 223021 75156 147380 0.662275 35 0.000156936 646992 646753 144 0.000222601 7 1.08193e-05 0.916206624605678 0.00840336134453781 0.720279013215409 0 0 289564 103203 185748 0.642836 26 8.97902e-05 459141 458971 96 0.00020912 7 1.52459e-05 0.902660753880266 0.00840336134453781 0.709451936266901 0 0
ATTTG NR_001445.2_RN7SK 246 247 T 70131 42780 25866 0.376803 1271 0.0181232 83589 83541 23 0.000275238 10 0.000119633 0.901132852729145 0.00817438692098093 0.412817199448795 0 0 85322 51689 31940 0.381925 1456 0.0170648 71629 71600 6 8.37919e-05 0 0 0.885998107852413 0.00817438692098093 0.425769552778141 0 0
ATTTG NR_003287.4_RNA28SN5 4627 4628 T 645 256 386 0.601246 1 0.00155039 1352 1350 0 0 0 0 0.901132852729145 0.00817438692098093 0.664164836090405 0 0 1172 491 678 0.579983 2 0.00170648 2272 2270 0 0 0 0 0.885998107852413 0.00817438692098093 0.651393439758372 0 0
ATTTT MT_RNR1_ENST00000389680.2_ENSE00001544499 721 722 T 2518 2401 117 0.0464654 0 0 5608 5608 0 0 0 0 0.907407407407407 0.000995685363425158 0.0501645262641126 7.69590604947918e-149 1.31803981317285e-147 1635 1528 107 0.0654434 0 0 3563 3563 0 0 0 0 0.880978260869565 0.000729660707770887 0.073517571377375 1.23489497548126e-166 2.0574361316644e-165
CATAA NR_003286.4_RNA18SN5 1080 1081 T 7288 1689 5500 0.765058 42 0.0057629 16953 16931 1 5.90598e-05 14 0.000825813 0.875206885137372 0.00207325501036628 0.873846475113609 0 0 4768 957 3727 0.795687 44 0.00922819 12680 12656 3 0.000236986 17 0.00134069 0.883630047763786 0.00185185185185185 0.900266248165917 0 0
CATAG NR_003287.4_RNA28SN5 4422 4423 T 6608 2074 4524 0.685662 6 0.00090799 21098 21088 1 4.74181e-05 8 0.000379183 0.882218148487626 0.00414765657403567 0.776149921563508 0 0 5292 1527 3755 0.710905 6 0.00113379 17226 17218 0 0 8 0.000464414 0.878681703711814 0.00171969045571797 0.808684183378854 0 0
CATCT NR_003287.4_RNA28SN5 4672 4673 T 661 465 186 0.285714 4 0.00605144 1554 1550 2 0.00128866 0 0 0.874307769760027 0.00814700823753055 0.320456668199302 3.07474782494929e-223 5.78907818962307e-222 1178 759 406 0.348498 7 0.00594228 1967 1964 3 0.00152517 0 0 0.871255703233485 0.00953137410643368 0.393358542211461 0 0
CATTC NR_003287.4_RNA28SN5 4971 4972 T 790 253 516 0.671001 20 0.0253165 1525 1524 0 0 0 0 0.876011057643084 0.00198788337750852 0.765440936030844 0 0 1138 335 761 0.694343 38 0.0333919 1642 1641 1 0.000609013 0 0 0.872381180414222 0.00223850223850224 0.795391968605098 0 0
CATTT MT_RNR1_ENST00000389680.2_ENSE00001544499 720 721 T 1960 1849 110 0.0561511 0 0 4632 4631 0 0 0 0 0.879922823743048 0.000816326530612245 0.0629443345542879 1.67317882156748e-158 2.91831128203458e-157 1362 1284 76 0.0558824 1 0.000734214 2959 2958 1 0.000337952 0 0 0.8913491246138 0.00141661300708306 0.0612021544134649 4.58225571784264e-92 6.83499818855166e-91
CATTT NR_003286.4_RNA18SN5 217 218 T 432 91 339 0.788372 1 0.00231481 979 978 0 0 0 0 0.879922823743048 0.000816326530612245 0.895859234309669 0 0 904 151 748 0.832036 3 0.00331858 1239 1237 0 0 0 0 0.8913491246138 0.00141661300708306 0.933350985787997 0 0
CATTT NR_001566.1_TERC 37 38 T 96 81 15 0.15625 0 0 141 141 0 0 0 0 0.879922823743048 0.000816326530612245 0.176808696059298 5.85717334781836e-30 7.50087559812955e-29 116 108 8 0.0689655 0 0 135 135 0 0 0 0 0.8913491246138 0.00141661300708306 0.0759033815620037 8.99372851294667e-12 8.89692101853648e-11
CCTAC NR_003287.4_RNA28SN5 3843 3844 T 1761 414 1173 0.73913 174 0.0988075 2602 2598 0 0 3 0.00115296 0.871668164120994 0.00100431856985036 0.847773437707069 0 0 2378 558 1570 0.737782 247 0.103869 3293 3285 0 0 7 0.00212572 0.858063392546151 0.0016016474087633 0.859560110852521 0 0
CCTAT NR_003287.4_RNA28SN5 1778 1779 T 691 340 116 0.254386 31 0.0448625 1717 1713 0 0 1 0.000582411 0.869284012254624 0.00448933782267116 0.288966467492963 8.60160407642303e-163 1.51890437200439e-161 1367 691 234 0.252973 60 0.0438917 2574 2568 0 0 3 0.0011655 0.865735351183547 0.00448933782267116 0.288516473019899 0 0
CCTCA NR_003287.4_RNA28SN5 1676 1677 T 1095 197 845 0.81094 52 0.0474886 1720 1712 1 0.000583771 4 0.00232558 0.875658359124722 0.0036003600360036 0.925786634384007 0 0 1889 328 1464 0.816964 92 0.048703 2379 2368 2 0.000843882 8 0.00336276 0.868510799545282 0.0036003600360036 0.940402153574967 0 0
CCTGC NR_003286.4_RNA18SN5 1231 1232 T 1445 559 865 0.607444 19 0.0131488 7900 7886 3 0.000380276 6 0.000759494 0.846100715810624 0.00434153400868307 0.716478630741235 0 0 1269 365 866 0.703493 31 0.0244287 6171 6157 1 0.00016239 11 0.00178253 0.833431042063608 0.00434153400868307 0.843276219514046 0 0
CCTTT NR_002716.3_RNU2_1 14 15 T 34908 12817 22072 0.632635 8 0.000229174 514742 510118 4215 0.00819508 0 0 0.878152033867108 0.0139206316226886 0.715912852472732 0 0 40081 15582 24469 0.610946 9 0.000224545 351560 348402 2923 0.00831993 0 0 0.873435466105938 0.00910099889012209 0.696310310346102 0 0
CCTTT NR_003286.4_RNA18SN5 118 119 T 671 102 568 0.847761 0 0 1856 1855 1 0.000538793 0 0 0.878152033867108 0.0139206316226886 0.964834610512668 0 0 1481 252 1222 0.829037 7 0.00472654 3061 3053 8 0.00261352 0 0 0.873435466105938 0.00910099889012209 0.948632771467562 0 0
CGTAG NR_003287.4_RNA28SN5 5009 5010 T 16313 13186 3085 0.189601 27 0.00165512 53794 53780 1 1.85939e-05 6 0.000111537 0.878534333525678 0.00662251655629139 0.209858932844505 0 0 12810 9801 2945 0.231053 48 0.00374707 41945 41927 2 4.76997e-05 9 0.000214567 0.872592091922947 0.00732250875517351 0.258567382463328 0 0
CGTCG NR_003287.4_RNA28SN5 4430 4431 T 7417 2598 4781 0.64792 17 0.00229203 22970 22956 2 8.71156e-05 7 0.000304745 0.821050153049211 0.00187675946199562 0.788652616888517 0 0 5699 1870 3803 0.670368 11 0.00193016 18609 18595 0 0 8 0.0004299 0.788490970309152 0.00200066688896299 0.849810010631442 0 0
CGTGA NR_003287.4_RNA28SN5 4520 4521 T 420 79 338 0.810552 3 0.00714286 1394 1382 6 0.00432277 5 0.0035868 0.885003150598614 0.00290697674418605 0.915597467934488 0 0 550 89 457 0.836996 1 0.00181818 1712 1701 9 0.00526316 2 0.00116822 0.878787878787879 0.0066334991708126 0.952082016940363 0 0
CTTAC NR_004430.2_RNU1_1 5 6 T 246979 64600 182175 0.738223 0 0 1060159 1059393 139 0.00013119 0 0 0.869442768054717 0.00261096605744125 0.848621419112252 0 0 262141 69899 192050 0.733158 0 0 908401 907694 127 0.000139895 0 0 0.861796184271754 0.00261096605744125 0.850278867065347 0 0
CTTAG NR_003286.4_RNA18SN5 1444 1445 T 2907 520 2347 0.818626 34 0.0116959 3900 3896 3 0.000769428 0 0 0.887720773759462 0.0048293089092423 0.921740353701138 0 0 2939 512 2373 0.82253 48 0.0163321 3147 3146 0 0 0 0 0.880357296229494 0.00353045013239188 0.934049354799191 0 0
CTTCT NR_002716.3_RNU2_1 6 7 T 13305 8002 5280 0.39753 0 0 475553 474955 85 0.000178932 0 0 0.875749382861173 0.00229357798165138 0.452497332790484 0 0 15222 9791 5413 0.356025 0 0 324942 324560 46 0.00014171 0 0 0.877640391550747 0.00229357798165138 0.404104312182347 0 0
CTTGA NR_003287.4_RNA28SN5 4295 4296 T 673 188 461 0.710324 15 0.0222883 3064 3029 0 0 0 0 0.902570789865872 0.0112612612612613 0.784309733379779 0 0 1364 398 938 0.702096 23 0.0168622 3767 3758 0 0 0 0 0.898565366740756 0.0112612612612613 0.778577191824685 0 0
CTTGC MT_RNR1_ENST00000389680.2_ENSE00001544499 598 599 T 56 51 4 0.0727273 1 0.0178571 81 81 0 0 0 0 0.911309755149631 0.00241882283955142 0.0773563412958134 1.05785664205972e-05 9.89304747820985e-05 123 106 15 0.123967 1 0.00813008 111 111 0 0 0 0 0.905502493449413 0.00206611570247934 0.134930236705243 2.34686592702657e-22 2.57162347157642e-21
CTTGG NR_003287.4_RNA28SN5 3883 3884 T 721 536 157 0.226551 14 0.0194175 1326 1324 0 0 1 0.000754148 0.9103902209685 0.0043859649122807 0.245214118590116 2.43000131089518e-212 4.48603488758116e-211 1164 866 249 0.223318 26 0.0223368 2028 2028 0 0 0 0 0.903066164604626 0.0043859649122807 0.243615064805777 0 0
CTTTA NR_003286.4_RNA18SN5 571 572 T 543 104 435 0.80705 3 0.00552486 1283 1281 2 0.00155885 0 0 0.887058423913043 0.0021549512570549 0.909585139639127 0 0 1299 229 1063 0.822755 6 0.00461894 2191 2190 0 0 1 0.000456413 0.887408265739668 0.00269541778975741 0.926921751063653 0 0
CTTTG NR_003287.4_RNA28SN5 2384 2385 T 275 258 17 0.0618182 0 0 865 865 0 0 0 0 0.892467532467533 0.00264391299122702 0.0665011421517438 3.95120535636971e-18 4.45764953498377e-17 457 430 26 0.0570175 0 0 1239 1239 0 0 0 0 0.882434142413436 0.00163554586343192 0.062876978180362 2.97178836457298e-31 3.55740548347413e-30
GATAC NR_004394.1_RNU6_1 39 40 T 201832 83470 110715 0.570152 7248 0.0359111 475019 474565 110 0.000231738 193 0.0004063 0.874337845791642 0.0164383561643836 0.645429506055767 0 0 213024 89929 114352 0.559778 8296 0.038944 360496 360152 77 0.000213753 164 0.000454929 0.881376518218624 0.0164383561643836 0.628183224735023 0 0
GATAG NR_003287.4_RNA28SN5 1682 1683 T 1034 156 876 0.848837 2 0.00193424 1570 1565 0 0 3 0.00191083 0.886852394916911 0.00767263427109974 0.956760384373514 0 0 1775 271 1498 0.846806 3 0.00169014 2173 2172 0 0 0 0 0.882969170906914 0.00785545954438335 0.958676032111748 0 0
GATCA NR_003286.4_RNA18SN5 1055 1056 T 852 140 688 0.830918 21 0.0246479 1697 1691 0 0 4 0.0023571 0.869864640227974 0.00955414012738853 0.954729553779222 0 0 1238 183 1007 0.846218 46 0.0371567 2440 2434 0 0 5 0.00204918 0.873831775700935 0.00955414012738853 0.968049878228528 0 0
GATCC NR_003287.4_RNA28SN5 4441 4442 T 7555 1822 5699 0.757745 12 0.00158835 21001 20971 16 0.000762377 9 0.000428551 0.867686086187287 0.0712909441233141 0.861951586115457 0 0 5992 1224 4735 0.794596 20 0.00333778 17520 17492 7 0.000400023 17 0.00097032 0.867332604963321 0.0712909441233141 0.908627137822702 0 0
GATCG NR_003287.4_RNA28SN5 2507 2508 T 1400 532 850 0.615051 16 0.0114286 2627 2619 0 0 7 0.00266464 0.841085734784168 0.0135396518375242 0.726861452863959 0 0 1463 549 898 0.620594 13 0.00888585 1953 1950 1 0.000512558 1 0.000512033 0.839087018544936 0.0135396518375242 0.735335575696441 0 0
GATCT NR_003287.4_RNA28SN5 4292 4293 T 660 93 562 0.858015 3 0.00454545 3037 3026 6 0.00197889 3 0.000987817 0.865574833792768 0.0249480249480249 0.991006908519659 0 0 1348 187 1158 0.860967 1 0.00074184 3719 3698 5 0.00135026 13 0.00349556 0.865177346658828 0.0249480249480249 0.99498905054842 0 0
GATGA NR_003287.4_RNA28SN5 3821 3822 T 1134 531 574 0.519457 20 0.0176367 1804 1799 0 0 4 0.00221729 0.832807570977918 0.0048780487804878 0.621525066353177 0 0 1798 757 988 0.566189 39 0.0216908 2733 2726 0 0 7 0.00256129 0.832409972299169 0.00915141430948419 0.676625320544187 0 0
GATGC NR_003286.4_RNA18SN5 209 210 T 1018 401 610 0.603363 4 0.00392927 2723 2715 1 0.000368189 3 0.00110173 0.817301038062284 0.0053475935828877 0.736514402990857 0 0 1231 448 778 0.634584 1 0.000812348 2485 2483 0 0 2 0.000804829 0.812716262975779 0.0053475935828877 0.779366886865046 0 0
GATTT NR_003287.4_RNA28SN5 4298 4299 T 700 97 603 0.861429 0 0 3082 3082 0 0 0 0 0.886223440712817 0.00125825731362064 0.97198258058291 0 0 1422 208 1214 0.853727 0 0 3805 3803 0 0 0 0 0.895196506550218 0.00200333889816361 0.953571625878835 0 0
GCTCT NR_003287.4_RNA28SN5 4456 4457 T 992 165 809 0.830595 18 0.0181452 2523 2509 1 0.000398406 12 0.00475624 0.881810922046809 0.0174272633289027 0.940748622986725 0 0 1932 304 1586 0.839153 41 0.0212215 3802 3798 0 0 4 0.00105208 0.87975426244219 0.0209281164695177 0.952724701463057 0 0
GCTGC NR_003285.3_RNA5_8SN5 54 55 T 492 175 311 0.639918 3 0.00609756 1161 1160 0 0 1 0.000861326 0.856473039854129 0.021505376344086 0.740642602919766 0 0 1484 478 972 0.670345 26 0.0175202 2432 2428 1 0.000411692 3 0.00123355 0.840192926045016 0.021505376344086 0.792536327067558 0 0
GCTTA NR_003286.4_RNA18SN5 1237 1238 T 891 220 670 0.752809 0 0 4986 4984 0 0 1 0.000200562 0.883080997064072 0.0183529411764706 0.849349172636299 0 0 1043 225 817 0.784069 0 0 4982 4976 4 0.000803213 1 0.000200723 0.893255333792154 0.018455807653234 0.875187022249467 0 0
GCTTC NR_002716.3_RNU2_1 5 6 T 12498 6995 5483 0.439413 0 0 473709 473156 174 0.000367608 0 0 0.895688647459259 0.0192837465564738 0.479378028364231 0 0 14272 8696 5559 0.389968 0 0 323646 323283 145 0.000448322 0 0 0.89896891351185 0.0194813742266684 0.421252842393254 0 0
GCTTC NR_004394.1_RNU6_1 8 9 T 89350 50588 38347 0.43118 263 0.00294348 229888 229749 98 0.000426371 0 0 0.895688647459259 0.0192837465564738 0.469983968619107 0 0 91663 53053 38227 0.418788 208 0.00226918 183786 183692 69 0.000375488 0 0 0.89896891351185 0.0194813742266684 0.454021925197343 0 0
GCTTG NR_003287.4_RNA28SN5 4402 4403 T 355 62 291 0.824363 1 0.0028169 930 929 1 0.00107527 0 0 0.914503888316312 0.031207065750736 0.897949493292081 0 0 628 93 529 0.850482 3 0.00477707 1367 1366 1 0.000731529 0 0 0.913592555666334 0.0289760348583878 0.928657724356433 0 0
GCTTG NR_003287.4_RNA28SN5 3919 3920 T 688 116 566 0.829912 4 0.00581395 1299 1297 1 0.000770416 0 0 0.914503888316312 0.031207065750736 0.904231639744145 0 0 1269 239 1026 0.811067 3 0.00236407 1925 1924 0 0 0 0 0.913592555666334 0.0289760348583878 0.884101694627301 0 0
GCTTT NR_003925.1_RNU4_1 3 4 T 15640 5868 9732 0.623846 0 0 135681 135519 39 0.0002877 0 0 0.899612678839617 0.00910404624277457 0.690326776467686 0 0 17123 6332 10755 0.629426 0 0 105579 105439 44 0.000417129 0 0 0.902258231339424 0.0100539122832581 0.694204314513917 0 0
GGTAA NR_003287.4_RNA28SN5 2842 2843 T 540 483 47 0.0886792 4 0.00740741 1198 1196 0 0 1 0.000834725 0.894585987261146 0.00164383561643836 0.0974703279750558 3.33343356659713e-64 4.93591230720607e-63 947 841 81 0.0878525 16 0.0168955 1706 1704 1 0.00058651 1 0.000586166 0.879684418145957 0.00235710076605775 0.0974498314828161 1.31439800796796e-96 1.99187230037272e-95
GGTGA NR_003286.4_RNA18SN5 405 406 T 931 190 727 0.792803 11 0.0118153 1345 1342 0 0 3 0.00223048 0.884232582503929 0.00157977883096367 0.896415009249996 0 0 1266 285 955 0.770161 20 0.0157978 1628 1626 0 0 2 0.0012285 0.890052356020942 0.00337552742616034 0.864785734605304 0 0
GGTTA NR_003286.4_RNA18SN5 1366 1367 T 434 115 318 0.734411 0 0 1254 1253 1 0.000797448 0 0 0.89137847053093 0.00155219247186651 0.823597623040178 0 0 996 226 767 0.772407 0 0 2181 2179 1 0.000458716 1 0.000458505 0.878250591016548 0.00299017513882956 0.879071886382058 0 0
GGTTC NR_003286.4_RNA18SN5 1044 1045 T 452 74 328 0.81592 1 0.00221239 1386 1164 1 0.000858369 0 0 0.904687985097796 0.00292997363023733 0.901561190509046 0 0 782 162 543 0.770213 2 0.00255754 2061 1759 0 0 0 0 0.888041594454073 0.0013401232913428 0.867115823886517 0 0
GGTTG NR_003286.4_RNA18SN5 1176 1177 T 406 210 195 0.481481 0 0 928 927 1 0.00107759 0 0 0.894366197183099 0.00415320719889248 0.53619504340144 0 0 639 337 300 0.470958 0 0 1162 1159 2 0.00172265 0 0 0.879432624113475 0.00569925471284524 0.532495108440595 0 0
GGTTT NR_003287.4_RNA28SN5 5000 5001 T 14604 11191 3404 0.233231 0 0 53224 53221 0 0 0 0 0.896997497914929 0.00153846153846154 0.258741638700858 0 0 11217 8135 3077 0.274438 1 8.91504e-05 41478 41473 3 7.2331e-05 0 0 0.892682926829268 0.00117994100294985 0.306513902187071 0 0
GTTAA NR_023344.1_RNU6ATAC 82 83 T 13292 7328 5741 0.439284 46 0.00346073 15125 15110 1 6.6177e-05 3 0.000198347 0.885830784913354 0.00442477876106195 0.493369931908317 0 0 15402 8437 6673 0.441628 46 0.00298663 13029 13017 1 7.68167e-05 2 0.000153504 0.885523924894004 0.00383141762452107 0.496541116960711 0 0
GTTAG NR_003287.4_RNA28SN5 4551 4552 T 500 71 427 0.85743 1 0.002 1274 1274 0 0 0 0 0.898301140330463 0.0161290322580645 0.953669879203312 0 0 817 156 659 0.808589 0 0 1662 1662 0 0 0 0 0.894362342638205 0.0161290322580645 0.902334218453775 0 0
GTTCA NR_003287.4_RNA28SN5 4419 4420 T 5148 1860 3245 0.635651 2 0.0003885 18308 18141 2 0.000110235 3 0.000163863 0.889439184268026 0.00327332242225859 0.713610966981488 0 0 4310 1340 2903 0.684186 5 0.00116009 15093 14913 5 0.000335166 2 0.000132512 0.891800956259961 0.00327332242225859 0.766338211268414 0 0
GTTCA NR_001566.1_TERC 154 155 T 250 227 22 0.0883534 1 0.004 197 197 0 0 0 0 0.889439184268026 0.00327332242225859 0.0960092023862562 1.86812849564272e-24 2.30916926657054e-23 300 276 23 0.0769231 1 0.00333333 196 196 0 0 0 0 0.891800956259961 0.00327332242225859 0.0828896871328981 4.16211132290175e-24 4.63197467146371e-23
GTTCG NR_003286.4_RNA18SN5 1045 1046 T 498 184 310 0.62753 2 0.00401606 1453 1453 0 0 0 0 0.856461961503208 0.00360857567395457 0.73156938190424 0 0 844 288 553 0.657551 1 0.00118483 2125 2125 0 0 0 0 0.852455546147333 0.00305882352941176 0.770537675791097 0 0
GTTCT NR_002716.3_RNU2_1 43 44 T 86736 31919 54647 0.631276 74 0.000853164 723271 722983 108 0.000149359 4 5.53043e-06 0.869280071545685 0.0129589632829374 0.722062122200242 0 0 99420 38265 60961 0.614365 94 0.000945484 483733 483505 82 0.000169566 7 1.44708e-05 0.871786632390745 0.0129589632829374 0.700263927618719 0 0
GTTGG NR_003286.4_RNA18SN5 1346 1347 T 514 111 391 0.778884 6 0.0116732 1735 1727 3 0.0017341 2 0.00115274 0.898710865561694 0.00260303687635575 0.866280751349433 0 0 882 178 691 0.795167 9 0.0102041 2393 2388 1 0.000418585 0 0 0.892891918208374 0.000950118764845606 0.890435768040758 0 0
GTTGG NR_003287.4_RNA28SN5 4492 4493 T 930 862 64 0.0691145 1 0.00107527 1655 1653 0 0 1 0.00060423 0.898710865561694 0.00260303687635575 0.0742226113806213 2.64287347779351e-67 3.97549698273383e-66 1659 1526 123 0.0745907 3 0.00180832 2540 2539 1 0.000393701 0 0 0.892891918208374 0.000950118764845606 0.0825620923709348 1.77266808229793e-184 3.0241505188424e-183
GTTGG NR_001566.1_TERC 306 307 T 142 100 32 0.242424 4 0.028169 135 135 0 0 0 0 0.898710865561694 0.00260303687635575 0.267625117699821 6.98207682521238e-53 9.82675466043505e-52 189 155 30 0.162162 3 0.015873 131 131 0 0 0 0 0.892891918208374 0.000950118764845606 0.180742601519216 6.06264913894457e-57 8.22499399850146e-56
GTTTA NR_002716.3_RNU2_1 53 54 T 153616 30647 122772 0.80024 7 4.55682e-05 729566 729246 100 0.000137109 13 1.78188e-05 0.887733142037303 0.00789473684210526 0.900557714324948 0 0 172280 36903 135182 0.785554 10 5.8045e-05 490824 490574 73 0.000148783 14 2.85235e-05 0.879741379310345 0.00789473684210526 0.891967950872993 0 0
GTTTC NR_002756.2_RNU5A_1 10 11 T 89098 67001 21906 0.246392 0 0 438579 438337 106 0.000241765 0 0 0.892948173322005 0.00586510263929619 0.271143600086508 0 0 117293 89483 27613 0.235815 2 1.70513e-05 298554 298388 60 0.00020104 0 0 0.886629001883239 0.00586510263929619 0.261080066471952 0 0
GTTTT NR_001566.1_TERC 99 100 T 163 149 14 0.0858896 0 0 228 228 0 0 0 0 0.888193688792165 0.00120530333467256 0.0954739634179638 6.97130662208496e-22 8.29264632911613e-21 249 214 34 0.137097 0 0 169 169 0 0 0 0 0.891669209642966 0.000624479600333056 0.153160122941457 7.98940489791546e-68 1.13809072770806e-66
TATAT MT_RNR1_ENST00000389680.2_ENSE00001544499 609 610 T 53 39 13 0.25 0 0 69 68 0 0 0 0 0.898467432950192 0.00555192684519922 0.273763946849925 2.47201727535248e-18 2.79997813299885e-17 117 93 24 0.205128 0 0 101 101 0 0 0 0 0.885749385749386 0.00606276747503566 0.2262910772878 1.95556326735211e-29 2.31178412808554e-28
TATAT NR_003286.4_RNA18SN5 648 649 T 551 215 336 0.6098 0 0 1599 1597 1 0.000625782 1 0.000625391 0.898467432950192 0.00555192684519922 0.676713607304912 0 0 1316 397 916 0.697639 2 0.00151976 2538 2537 0 0 1 0.000394011 0.885749385749386 0.00606276747503566 0.786162046981691 0 0
TATAT NR_002716.3_RNU2_1 88 89 T 243291 41598 201185 0.828662 254 0.00104402 618470 617245 121 0.000195994 568 0.000918395 0.898467432950192 0.00555192684519922 0.921823025277395 0 0 277073 48829 227737 0.823445 272 0.000981691 442918 442040 78 0.000176423 436 0.000984381 0.885749385749386 0.00606276747503566 0.929174339526039 0 0
TATCC NR_003287.4_RNA28SN5 3852 3853 T 1696 383 1279 0.769555 22 0.0129717 2404 2398 4 0.00166528 2 0.000831947 0.875154766817994 0.0328282828282828 0.874633210726301 0 0 2084 459 1586 0.77555 31 0.0148752 3036 3028 4 0.00131926 4 0.00131752 0.868475452196382 0.0328282828282828 0.888798220585549 0 0
TATCT NR_002716.3_RNU2_1 38 39 T 77190 23682 52412 0.68878 60 0.000777303 714315 713601 264 0.000369818 199 0.000278589 0.874621848739496 0.0111050920910076 0.784784895824382 0 0 88823 28596 58948 0.673353 60 0.000675501 478066 477592 175 0.000366287 169 0.000353508 0.879811468970935 0.0118599134923957 0.762131345156579 0 0
TATCT NR_002716.3_RNU2_1 59 60 T 183412 63189 119748 0.654586 183 0.000997754 764992 764069 346 0.000452634 424 0.000554254 0.874621848739496 0.0111050920910076 0.745186359100306 0 0 206420 72583 133311 0.647474 229 0.00110939 518016 517363 195 0.000376769 317 0.00061195 0.879811468970935 0.0118599134923957 0.732315164937014 0 0
TATGA NR_003287.4_RNA28SN5 3763 3764 T 483 78 404 0.838174 0 0 1622 1616 0 0 6 0.00369914 0.855932203389831 0.0036697247706422 0.979163457461365 0 0 836 135 694 0.837153 5 0.00598086 2273 2262 2 0.000883392 7 0.00307963 0.853448275862069 0.00522565320665083 0.980788916226903 0 0
TATGG NR_003286.4_RNA18SN5 1173 1174 T 445 205 229 0.52765 2 0.00449438 1042 1040 1 0.000960615 0 0 0.910515816471929 0.00202546296296296 0.578569199999601 0 0 663 304 346 0.532308 6 0.00904977 1279 1275 1 0.000783699 0 0 0.900536672629696 0.000328191663931736 0.590951784596995 0 0
TATGT NR_003287.4_RNA28SN5 4635 4636 T 623 517 99 0.160714 2 0.00321027 1205 1201 1 0.000831947 1 0.000829876 0.881164866134335 0.00851063829787234 0.174414283283173 5.5829615768797e-91 8.81797764614944e-90 1042 877 151 0.146887 3 0.00287908 1867 1866 0 0 1 0.000535619 0.893004115226337 0.00739030023094688 0.157514141499452 1.58571823259542e-140 2.53804002509233e-139
TATTA NR_003286.4_RNA18SN5 650 651 T 540 87 449 0.837687 3 0.00555556 1864 1863 0 0 1 0.000536481 0.916349809885932 0.00201845444059977 0.913966846463864 0 0 1284 206 1067 0.838178 9 0.00700935 2636 2633 2 0.000759013 0 0 0.900990099009901 0.00673854447439353 0.929760145575003 0 0
TATTA NR_002716.3_RNU2_1 90 91 T 247730 81880 164505 0.667675 874 0.00352803 627173 626849 103 0.000164287 6 9.56674e-06 0.916349809885932 0.00201845444059977 0.728025503659105 0 0 281508 95511 184625 0.659055 882 0.00313313 451070 450833 57 0.000126417 16 3.54712e-05 0.900990099009901 0.00673854447439353 0.729455210021338 0 0
TATTC NR_003287.4_RNA28SN5 1780 1781 T 663 102 535 0.839874 25 0.0377074 1724 1721 2 0.00116077 0 0 0.895895895895896 0.00619445192566658 0.937032926859259 0 0 1333 217 1061 0.830203 50 0.0375094 2568 2566 1 0.00038956 0 0 0.8984 0.00706233872063018 0.923489152357689 0 0
TCTAG NR_003286.4_RNA18SN5 295 296 T 647 412 226 0.354232 8 0.0123648 846 844 0 0 2 0.00236407 0.879028407734543 0.00756972111553785 0.397795425310873 8.84235609683247e-303 1.75795932750313e-301 1220 723 471 0.394472 24 0.0196721 1195 1193 0 0 2 0.00167364 0.880313199105145 0.00740740740740741 0.443420809294644 0 0
TCTAG NR_001566.1_TERC 160 161 T 229 66 156 0.702703 6 0.0262009 192 190 0 0 2 0.0104167 0.879028407734543 0.00756972111553785 0.797666360503408 2.29199933585698e-274 4.49389938747682e-273 276 81 189 0.7 6 0.0217391 197 197 0 0 0 0 0.880313199105145 0.00740740740740741 0.79343337984452 0 0
TCTCT NR_003287.4_RNA28SN5 3769 3770 T 513 91 421 0.822266 0 0 1585 1584 0 0 1 0.000630915 0.859778245077423 0.00897122218338576 0.955909807902356 0 0 893 155 737 0.826233 1 0.00111982 2225 2221 0 0 3 0.00134831 0.853074924209615 0.00768939871423169 0.968248895444613 0 0
TCTGA MT_RNR2_ENST00000387347.2_ENSE00001544497 1396 1397 T 35 9 24 0.727273 2 0.0571429 92 92 0 0 0 0 0.833730760893128 0.0107334525939177 0.87064628301989 1.92080026672669e-40 2.58807353474123e-39 76 25 50 0.666667 1 0.0131579 156 156 0 0 0 0 0.843950905902981 0.0107334525939177 0.787229725926995 1.38998992843438e-79 2.0412790237678e-78
TCTGG NR_003286.4_RNA18SN5 608 609 T 853 450 378 0.456522 10 0.0117233 1467 1465 0 0 1 0.000681663 0.874168614057163 0.00117398450340456 0.521593146259504 0 0 1665 808 806 0.49938 29 0.0174174 2380 2376 0 0 2 0.000840336 0.864138832758826 0.00366479354996335 0.576095482097063 0 0
TCTGT NR_002716.3_RNU2_1 40 41 T 78058 29597 47997 0.618566 202 0.00258782 721502 718600 114 0.000158617 2541 0.00352182 0.853579952267303 0.00839160839160839 0.721938957191928 0 0 89870 36504 52872 0.591568 243 0.00270391 482676 480532 64 0.000133168 1895 0.00392603 0.850706713780919 0.00888529886914378 0.692169016859618 0 0
TGTAG NR_003287.4_RNA28SN5 2838 2839 T 524 418 96 0.18677 7 0.0133588 1227 1227 0 0 0 0 0.896898575020956 0.0124175397749321 0.197124023328065 8.37241127881763e-80 1.29362854704775e-78 946 767 167 0.178801 6 0.00634249 1771 1767 1 0.000565611 2 0.00112931 0.896285576459238 0.00749375520399667 0.1927416979986 3.88006226304315e-169 6.50252787494702e-168
TGTAG NR_002716.3_RNU2_1 33 34 T 72090 21897 49641 0.693911 419 0.00581218 661932 660725 140 0.000211844 777 0.00117384 0.896898575020956 0.0124175397749321 0.770500930000728 0 0 82820 26422 55719 0.678334 471 0.00568703 445218 444436 83 0.000186719 535 0.00120166 0.896285576459238 0.00749375520399667 0.754777697941207 0 0
TGTAG NR_001445.2_RN7SK 249 250 T 70943 36607 33341 0.476654 605 0.00852797 85219 85078 29 0.000340748 61 0.000715803 0.896898575020956 0.0124175397749321 0.524868755491109 0 0 85818 43916 40660 0.480751 724 0.00843646 73200 73089 21 0.000287238 46 0.000628415 0.896285576459238 0.00749375520399667 0.532472546976886 0 0
TGTAG NR_003287.4_RNA28SN5 3958 3959 T 190 37 152 0.804233 1 0.00526316 386 385 0 0 0 0 0.896898575020956 0.0124175397749321 0.895231699348782 3.5045120051473e-251 6.77777389839032e-250 339 71 264 0.78806 3 0.00884956 598 598 0 0 0 0 0.896285576459238 0.00749375520399667 0.878232929386782 0 0
TGTCA NR_003287.4_RNA28SN5 3714 3715 T 1117 331 777 0.701264 5 0.00447628 2347 2340 3 0.00128041 4 0.0017043 0.893200820318662 0.00770020533880903 0.783244848087396 0 0 2249 608 1610 0.725879 19 0.0084482 4074 4066 2 0.000491642 6 0.00147275 0.891568449682684 0.00487626478117762 0.813137577499808 0 0
TGTCA NR_001566.1_TERC 178 179 T 189 88 98 0.526882 3 0.015873 213 212 1 0.00469484 0 0 0.893200820318662 0.00770020533880903 0.586314437142433 1.68581608469261e-153 2.90471219926127e-152 236 112 124 0.525424 0 0 185 185 0 0 0 0 0.891568449682684 0.00487626478117762 0.587067016133276 5.16507723708677e-218 9.0277945082578e-217
TGTCT NR_003286.4_RNA18SN5 33 34 T 941 413 520 0.557342 3 0.0031881 1808 1804 1 0.000554017 3 0.00165929 0.892733564013841 0.0363636363636364 0.608356677196591 0 0 2082 767 1303 0.629469 2 0.000960615 3433 3427 4 0.00116584 1 0.00029129 0.899913966160023 0.0363636363636364 0.686821998870882 0 0
TGTGA NR_003285.3_RNA5_8SN5 68 69 T 487 68 417 0.859794 2 0.00410678 1064 1058 0 0 5 0.00469925 0.894538606403013 0.00500227376080036 0.960940767534688 0 0 1746 253 1475 0.853588 13 0.00744559 2791 2774 3 0.0010803 12 0.00429953 0.890091116173121 0.00486854917234664 0.95876391143439 0 0
TGTTC NR_002716.3_RNU2_1 42 43 T 81472 28908 52349 0.64424 74 0.000908288 722119 721639 160 0.000221668 10 1.38481e-05 0.910316925151719 0.00952380952380952 0.704619273243172 0 0 93716 34987 58476 0.625659 95 0.0010137 483009 482683 106 0.000219558 7 1.44925e-05 0.897435897435897 0.00952380952380952 0.693914632838284 0 0
TGTTC NR_003287.4_RNA28SN5 4499 4500 T 864 114 750 0.868056 0 0 1607 1607 0 0 0 0 0.910316925151719 0.00952380952380952 0.953084760064734 0 0 1550 194 1355 0.874758 0 0 2456 2455 0 0 0 0 0.897435897435897 0.00952380952380952 0.974459298679868 0 0
TGTTC MT_RNR1_ENST00000389680.2_ENSE00001544499 559 560 T 4367 3220 1133 0.26028 0 0 9733 9732 1 0.000102743 0 0 0.910316925151719 0.00952380952380952 0.278372676395731 0 0 3440 2525 905 0.263848 2 0.000581395 7083 7082 1 0.000141183 0 0 0.897435897435897 0.00952380952380952 0.286429471947195 0 0
TGTTC NR_003286.4_RNA18SN5 821 822 T 460 69 391 0.85 0 0 4401 4399 2 0.000454442 0 0 0.910316925151719 0.00952380952380952 0.933040201900661 0 0 815 103 709 0.873153 1 0.00122699 3423 3421 0 0 0 0 0.897435897435897 0.00952380952380952 0.97265168729373 0 0
TGTTG NR_003287.4_RNA28SN5 4578 4579 T 407 98 308 0.758621 0 0 962 961 1 0.0010395 0 0 0.90424857324033 0.00615384615384615 0.837848315051619 0 0 643 173 468 0.730109 0 0 1294 1294 0 0 0 0 0.887102803738318 0.00721292556260819 0.821575622549704 0 0
TGTTG NR_003287.4_RNA28SN5 4575 4576 T 352 63 289 0.821023 0 0 955 955 0 0 0 0 0.90424857324033 0.00615384615384615 0.907330963282322 0 0 555 98 456 0.823105 0 0 1274 1274 0 0 0 0 0.887102803738318 0.00721292556260819 0.927266121220754 0 0
TGTTT NR_003287.4_RNA28SN5 3638 3639 T 474 118 355 0.750529 0 0 1731 1730 0 0 0 0 0.895104895104895 0.00306914605524463 0.837925895616939 0 0 789 199 588 0.747141 0 0 2133 2133 0 0 0 0 0.898339204831404 0.00198412698412698 0.831318850566979 0 0
TTTAA NR_003287.4_RNA28SN5 1791 1792 T 723 110 603 0.845722 2 0.00276625 1694 1673 0 0 0 0 0.88379705400982 0.00581395348837209 0.956633500135473 0 0 1415 239 1154 0.828428 5 0.00353357 2489 2474 0 0 0 0 0.887128712871287 0.00581395348837209 0.933394156575355 0 0
TTTAA NR_003287.4_RNA28SN5 4360 4361 T 410 94 312 0.768473 0 0 986 984 0 0 0 0 0.88379705400982 0.00581395348837209 0.868648890916776 0 0 824 160 659 0.80464 0 0 1615 1610 0 0 0 0 0.887128712871287 0.00581395348837209 0.906402664890073 0 0
TTTAC NR_003286.4_RNA18SN5 800 801 T 475 84 391 0.823158 0 0 3802 3789 5 0.00131787 0 0 0.874500399680256 0.0113122171945701 0.940520038709975 0 0 868 144 723 0.83391 1 0.00115207 2999 2992 1 0.000334113 0 0 0.869315461943514 0.0113122171945701 0.958735048893814 0 0
TTTAC NR_002756.2_RNU5A_1 42 43 T 193409 32688 160552 0.830842 76 0.00039295 636647 636302 185 0.000290658 39 6.12584e-05 0.874500399680256 0.0113122171945701 0.949421921469621 0 0 250331 43499 206634 0.826097 84 0.000335556 444322 444081 116 0.000261145 24 5.40149e-05 0.869315461943514 0.0113122171945701 0.949629022724547 0 0
TTTAG NR_003287.4_RNA28SN5 4531 4532 T 407 273 134 0.329238 0 0 1293 1289 4 0.00309358 0 0 0.874844913151365 0.00557035601840639 0.372342249437409 8.22660039750971e-193 1.47095754277485e-191 513 319 194 0.378168 0 0 1589 1587 2 0.00125865 0 0 0.885153003400076 0.00618151166057881 0.423206545189827 8.41696459246171e-284 1.52738421171487e-282
TTTCT NR_003287.4_RNA28SN5 3694 3695 T 958 153 804 0.840125 0 0 2402 2400 1 0.000416493 0 0 0.890440855521606 0.00849256900212314 0.942949199753908 0 0 1983 311 1669 0.842929 0 0 3899 3898 1 0.000256476 0 0 0.89242389562829 0.00849256900212314 0.944005949175707 0 0
TTTCT NR_023343.1_RNU4ATAC 11 12 T 1164 935 228 0.196045 0 0 3523 3519 0 0 0 0 0.890440855521606 0.00849256900212314 0.212656948105238 6.21542223586943e-228 1.18593593399844e-226 1226 1008 218 0.177814 0 0 2738 2736 0 0 0 0 0.89242389562829 0.00849256900212314 0.191554961225496 3.20578666051913e-208 5.53532496716303e-207
TTTGA NR_003286.4_RNA18SN5 1243 1244 T 393 74 318 0.811224 0 0 2007 2001 2 0.000998502 0 0 0.879460745440127 0.00950118764845606 0.921563313111542 0 0 704 147 557 0.791193 0 0 3119 3116 1 0.000320821 0 0 0.876670092497431 0.00950118764845606 0.901429707615822 0 0
TTTGT NR_003286.4_RNA18SN5 1691 1692 T 3664 769 2884 0.789488 2 0.000545852 6881 6869 9 0.00130852 0 0 0.900784655623365 0.00666306500990456 0.875524026271411 0 0 3828 714 3098 0.812697 5 0.00130617 7254 7239 13 0.00179261 0 0 0.894529631164525 0.00446428571428571 0.908059973817844 0 0
TTTTC NR_023343.1_RNU4ATAC 10 11 T 1074 963 106 0.0991581 0 0 3468 3467 0 0 0 0 0.89543682641596 0.00373951112732579 0.107007823435902 6.91224190189156e-111 1.12939676592401e-109 1145 1020 122 0.10683 0 0 2691 2689 1 0.000371747 0 0 0.898159818502647 0.00404059387333208 0.114961632962631 2.16880961013454e-127 3.39502119740292e-126
TTTTC NR_003925.1_RNU4_1 71 72 T 84233 12066 71975 0.856427 100 0.00118718 171399 171346 32 0.000186722 2 1.16687e-05 0.89543682641596 0.00373951112732579 0.956252165676497 0 0 104998 15136 89644 0.855545 104 0.000990495 136034 135988 29 0.000213209 0 0 0.898159818502647 0.00404059387333208 0.952338773925464 0 0
TTTTC NR_003287.4_RNA28SN5 2631 2632 T 1668 404 1261 0.757357 1 0.00059952 5115 5115 0 0 0 0 0.89543682641596 0.00373951112732579 0.845149442475034 0 0 1680 426 1253 0.746278 0 0 3635 3633 2 0.000550206 0 0 0.898159818502647 0.00404059387333208 0.8301324763869 0 0
TTTTG NR_003287.4_RNA28SN5 4352 4353 T 486 69 412 0.856549 4 0.00823045 1084 1082 0 0 0 0 0.891481764855904 0.00397553516819572 0.960639414476903 0 0 905 117 785 0.870288 2 0.00220994 1738 1738 0 0 0 0 0.891916033943725 0.00723123895227382 0.975552836370457 0 0
TTTTG NR_003287.4_RNA28SN5 1861 1862 T 436 101 334 0.767816 0 0 1256 1255 0 0 0 0 0.891481764855904 0.00397553516819572 0.860659271203743 0 0 711 157 551 0.778249 0 0 1793 1793 0 0 0 0 0.891916033943725 0.00723123895227382 0.871516912478615 0 0
